
lock_code_nco snap = 872457844 
phase_in_gold_code: 436228922
nav subf week = 77786 
lock ms frame = 4 
time_raw   in main code      = 466716.004203333519399166107178;
mean mot at eph 0.627712271718553482813263144635; 
mean mot at eph 0.627712271718553482813263144635; 
l->x  = 10699054.8092905636876821517944;
l->y  = -11227899.2687692008912563323975;
l->z  = 21429459.2639189064502716064453;
l->time  = 466716.004384761792607605457306;


lock_code_nco snap = 101717271 
phase_in_gold_code: 50858635
nav subf week = 77786 
lock ms frame = 5 
time_raw   in main code      = 466716.005023706005886197090149;
mean mot at eph 3.02458803990085156598865978594; 
mean mot at eph 3.02458803990085156598865978594; 
l->x  = 12543304.8668994810432195663452;
l->y  = 8688802.15169989876449108123779;
l->z  = 21817126.2326211221516132354736;
l->time  = 466716.004860640503466129302979;


lock_code_nco snap = 3532408096 
phase_in_gold_code: 1766204048
nav subf week = 77786 
lock ms frame = 6 
time_raw   in main code      = 466716.006823256786447018384933;
mean mot at eph 0.796297202986196661633755411458; 
mean mot at eph 0.796297202986196661633755411458; 
l->x  = 18392201.3987484723329544067383;
l->y  = 6469236.92040207143872976303101;
l->z  = 17642120.8812179639935493469238;
l->time  = 466716.00652764318510890007019;


lock_code_nco snap = 2183385124 
phase_in_gold_code: 1091692562
nav subf week = 77786 
lock ms frame = 3 
time_raw   in main code      = 466716.003508855879772454500198;
mean mot at eph -2.60055087716526323049492930295; 
mean mot at eph -2.60055087716526323049492930295; 
l->x  = 20770074.8645086325705051422119;
l->y  = -8982525.1834700237959623336792;
l->z  = 14264726.2008338812738656997681;
l->time  = 466716.003500864841043949127197;

**************A_SOLVE************
chans= 4 
 id=0 ,sv_x=10699054.8092905636876821517944; ,sv_y= -11227899.2687692008912563323975;, sv_z= 21429459.2639189064502716064453;, sv_t= 466716.004384761792607605457306; 
 id=1 ,sv_x=12543304.8668994810432195663452; ,sv_y= 8688802.15169989876449108123779;, sv_z= 21817126.2326211221516132354736;, sv_t= 466716.004860640503466129302979; 
 id=2 ,sv_x=18392201.3987484723329544067383; ,sv_y= 6469236.92040207143872976303101;, sv_z= 17642120.8812179639935493469238;, sv_t= 466716.00652764318510890007019; 
 id=3 ,sv_x=20770074.8645086325705051422119; ,sv_y= -8982525.1834700237959623336792;, sv_z= 14264726.2008338812738656997681;, sv_t= 466716.003500864841043949127197; 
t_pc = 466716.079818477563094347715378; 
1.477707	-0.106548	1.597104	-704969814.020221	
-0.106548	0.459958	-0.090401	56320017.309484	
1.597104	-0.090401	2.062334	-849546581.064844	
-704969814.020221	56320017.309484	-849546581.064844	359502071494727040.000000	
determinant = 6985356392064; 
1.406851	-0.095654	1.293129	-664235509.069515	
-0.095654	0.853325	-0.041494	63566215.563575	
1.293129	-0.041494	1.739824	-767307907.849415	
-664235509.069515	63566215.563575	-767307907.849415	359502071494727040.000000	
determinant = 77782793680768; 
1.428374	-0.101493	1.375320	-676142559.148399	
-0.101493	0.747554	-0.057837	62497920.894567	
1.375320	-0.057837	1.824072	-789691526.274802	
-676142559.148399	62497920.894567	-789691526.274802	359502071494727040.000000	
determinant = 46728639545344; 
1.429774	-0.101792	1.380563	-676901951.928898	
-0.101792	0.740813	-0.058798	62404124.675472	
1.380563	-0.058798	1.829413	-791089717.257791	
-676901951.928898	62404124.675472	-791089717.257791	359502071494727040.000000	
determinant = 45118495634048; 
1.429780	-0.101793	1.380586	-676905374.441567	
-0.101793	0.740783	-0.058802	62403684.707204	
1.380586	-0.058802	1.829436	-791095823.329603	
-676905374.441567	62403684.707204	-791095823.329603	359502071494727040.000000	
determinant = 45111475756416; 
 p = 3852371.11841469584032893180847; 
Lat/Lon/Alt :            52.934969,            -1.164247,               -142.6


